[window]
width = 3840.000000
height = 2160.000000
vsync = 0
fps_cap = 60